list(tbbmc=c(1.79800E+00, 2.58800E+00, 2.32500E+00, 2.23600E+00, 1.92500E+00, 2.30400E+00, 2.18300E+00, 2.01000E+00, 1.57900E+00, 1.91100E+00, 1.68100E+00, 1.58100E+00, 2.13800E+00, 2.53500E+00, 1.48000E+00, 1.87300E+00, 1.68000E+00, 1.69700E+00, 1.86100E+00, 2.12200E+00, 1.87000E+00, 1.76700E+00, 2.50100E+00, 1.95300E+00, 1.34000E+00, 1.30900E+00, 1.71100E+00, 1.70200E+00, 2.17600E+00, 1.58700E+00, 1.75600E+00, 2.36700E+00, 1.71400E+00, 1.82400E+00, 2.07400E+00, 2.17700E+00, 2.00400E+00, 2.20900E+00, 1.43200E+00, 2.15600E+00, 2.41000E+00, 1.92500E+00, 2.05000E+00, 1.54000E+00, 1.47800E+00, 2.06200E+00, 1.53100E+00, 2.00100E+00, 1.56200E+00, 2.52700E+00, 1.60600E+00, 1.67600E+00, 1.84900E+00, 2.30900E+00, 2.50400E+00, 2.00000E+00, 2.05200E+00, 1.86300E+00, 1.77100E+00, 1.75700E+00, 1.72100E+00, 1.51300E+00, 1.77000E+00, 2.64500E+00, 1.70900E+00, 2.14600E+00, 1.90400E+00, 1.50500E+00, 1.40700E+00, 1.77400E+00, 1.70900E+00, 2.14000E+00, 1.89400E+00, 1.85700E+00, 1.97800E+00, 1.98700E+00, 1.94200E+00, 1.73500E+00, 1.85100E+00, 1.57000E+00, 1.45500E+00, 2.72900E+00, 2.03200E+00, 2.43600E+00, 1.61400E+00, 1.30300E+00, 2.12500E+00, 1.76200E+00, 1.51300E+00, 1.96700E+00, 1.47000E+00, 2.83700E+00, 1.33600E+00, 1.66300E+00, 1.77800E+00, 2.21500E+00, 1.67500E+00, 1.74000E+00, 2.02100E+00, 2.01800E+00, 2.05100E+00, 1.63400E+00, 1.55900E+00, 1.66100E+00, 1.68300E+00, 1.29600E+00, 1.57100E+00, 2.27400E+00, 1.91100E+00, 1.54400E+00, 1.68400E+00, 1.47400E+00, 2.01600E+00, 1.91500E+00, 1.58100E+00, 2.26700E+00, 2.21000E+00, 2.14300E+00, 1.42400E+00, 1.79400E+00, 1.49900E+00, 2.02200E+00, 2.20500E+00, 2.03900E+00, 1.74800E+00, 2.24700E+00, 2.24300E+00, 1.74200E+00, 1.80900E+00, 1.79800E+00, 1.97500E+00, 1.81300E+00, 1.43500E+00, 1.54800E+00, 2.10700E+00, 1.69900E+00, 1.78100E+00, 1.68100E+00, 1.90100E+00, 2.21500E+00, 2.00300E+00, 1.57400E+00, 2.69900E+00, 1.56600E+00, 2.13300E+00, 2.09100E+00, 1.49000E+00, 1.59000E+00, 1.40100E+00, 2.67200E+00, 2.41500E+00, 2.25600E+00, 1.77500E+00, 1.56600E+00, 2.15900E+00, 2.56600E+00, 1.87400E+00, 2.15200E+00, 1.82000E+00, 2.02700E+00, 1.49800E+00, 2.38100E+00, 2.00200E+00, 1.62400E+00, 1.47000E+00, 1.91700E+00, 2.59500E+00, 1.39000E+00, 1.77900E+00, 2.26500E+00, 1.88500E+00, 1.08000E+00, 1.83700E+00, 2.48100E+00, 1.89800E+00, 1.97700E+00, 2.02200E+00, 1.90100E+00, 5.79000E-01, 1.94800E+00, 1.86300E+00, 2.39700E+00, 1.71700E+00, 2.02900E+00, 1.92400E+00, 2.31900E+00, 1.63800E+00, 1.23500E+00, 1.76900E+00, 1.83000E+00, 1.74500E+00, 1.82900E+00, 1.93400E+00, 2.33100E+00, 1.75600E+00, 2.25900E+00, 1.43900E+00, 1.87200E+00, 1.79600E+00, 1.95800E+00, 1.82900E+00, 2.37800E+00, 1.82600E+00, 1.61200E+00, 2.48500E+00, 1.87900E+00, 2.03200E+00, 1.84600E+00, 1.46700E+00, 1.73900E+00, 1.59700E+00, 1.44200E+00, 1.99900E+00, 1.83800E+00, 1.77300E+00, 2.15800E+00, 1.45800E+00, 2.00200E+00, 1.73800E+00, 1.65300E+00, 1.46200E+00, 1.63800E+00, 2.20100E+00, 1.99500E+00, 1.70400E+00, 1.78000E+00, 2.46300E+00, 1.73200E+00, 1.27000E+00, 1.72800E+00, 2.18300E+00, 1.70300E+00, 1.50500E+00, 1.85000E+00), bmi=c(2.36127E+01, 3.04780E+01, 2.71816E+01, 3.46831E+01, 2.67229E+01, 2.57812E+01, 2.92421E+01, 3.07574E+01, 2.16413E+01, 2.35330E+01, 2.25827E+01, 2.93847E+01, 3.71821E+01, 3.25964E+01, 1.99100E+01, 2.80000E+01, 2.16413E+01, 2.50772E+01, 2.39224E+01, 2.73438E+01, 2.38330E+01, 3.24444E+01, 3.24675E+01, 2.90487E+01, 2.01745E+01, 1.87328E+01, 2.23133E+01, 2.93413E+01, 2.95159E+01, 2.44444E+01, 2.83987E+01, 2.78852E+01, 2.51096E+01, 3.64444E+01, 2.64023E+01, 2.35330E+01, 3.42466E+01, 2.95858E+01, 2.00778E+01, 2.85156E+01, 2.88754E+01, 2.32446E+01, 2.42188E+01, 2.35556E+01, 1.95630E+01, 3.07809E+01, 2.32446E+01, 2.27732E+01, 2.23674E+01, 3.12213E+01, 2.43948E+01, 2.42188E+01, 2.45390E+01, 2.70169E+01, 3.59633E+01, 2.58761E+01, 2.30680E+01, 3.15301E+01, 2.27694E+01, 2.73399E+01, 3.33318E+01, 2.55661E+01, 2.32446E+01, 3.98438E+01, 2.57110E+01, 3.49636E+01, 2.46355E+01, 2.17865E+01, 2.20317E+01, 3.04577E+01, 3.37823E+01, 2.53154E+01, 2.49989E+01, 2.38728E+01, 2.81625E+01, 3.54367E+01, 2.71263E+01, 2.21828E+01, 2.37954E+01, 2.49896E+01, 1.79688E+01, 2.47676E+01, 2.69274E+01, 3.63281E+01, 2.46548E+01, 2.85375E+01, 2.95159E+01, 2.84799E+01, 2.63779E+01, 2.38054E+01, 1.95630E+01, 3.04688E+01, 2.43232E+01, 2.40344E+01, 3.33319E+01, 3.28947E+01, 2.12279E+01, 2.02020E+01, 2.35304E+01, 2.58478E+01, 2.62227E+01, 2.41217E+01, 2.62227E+01, 2.93333E+01, 2.35304E+01, 3.22754E+01, 2.52081E+01, 3.54925E+01, 2.24766E+01, 2.63779E+01, 2.49989E+01, 2.86215E+01, 2.99688E+01, 3.07809E+01, 2.70258E+01, 2.77767E+01, 2.94023E+01, 3.92565E+01, 2.46530E+01, 2.43865E+01, 3.40988E+01, 2.34952E+01, 2.66728E+01, 2.53333E+01, 1.93772E+01, 2.59701E+01, 2.43046E+01, 2.43496E+01, 2.48410E+01, 2.58876E+01, 2.90006E+01, 2.01348E+01, 2.08300E+01, 2.17555E+01, 2.64381E+01, 3.04438E+01, 2.44646E+01, 2.43865E+01, 3.11390E+01, 2.86726E+01, 2.48358E+01, 2.72680E+01, 2.79904E+01, 1.99594E+01, 2.44646E+01, 2.85483E+01, 2.48639E+01, 2.19289E+01, 2.23674E+01, 3.12175E+01, 2.63465E+01, 2.49135E+01, 2.59645E+01, 2.36244E+01, 2.74714E+01, 2.86288E+01, 2.73399E+01, 2.79431E+01, 2.76254E+01, 2.70993E+01, 2.05457E+01, 2.82570E+01, 2.58065E+01, 2.56369E+01, 2.30680E+01, 2.24813E+01, 3.00781E+01, 2.23674E+01, 2.36127E+01, 2.50995E+01, 2.76888E+01, 1.78270E+01, 2.56369E+01, 2.97527E+01, 2.56369E+01, 2.72392E+01, 2.28625E+01, 2.58876E+01, 2.32335E+01, 2.26409E+01, 3.16443E+01, 3.73240E+01, 2.25466E+01, 2.21003E+01, 2.73399E+01, 3.20459E+01, 2.26562E+01, 2.08889E+01, 2.43046E+01, 2.72509E+01, 2.26667E+01, 3.55248E+01, 2.88415E+01, 2.92969E+01, 2.52182E+01, 3.08444E+01, 1.76104E+01, 2.73399E+01, 3.28036E+01, 2.28928E+01, 2.46904E+01, 2.89590E+01, 1.89036E+01, 2.26562E+01, 3.31213E+01, 2.66193E+01, 3.00621E+01, 2.90487E+01, 2.09321E+01, 1.94674E+01, 2.03954E+01, 1.91746E+01, 2.91749E+01, 2.96158E+01, 2.14536E+01, 2.72392E+01, 2.07031E+01, 2.92710E+01, 2.73399E+01, 2.17784E+01, 2.10962E+01, 2.74714E+01, 2.67759E+01, 2.31247E+01, 2.43496E+01, 2.86170E+01, 2.78159E+01, 2.17555E+01, 3.13465E+01, 2.46467E+01, 3.74610E+01, 2.17865E+01, 1.89866E+01, 2.83039E+01), N=2.34000E+02)
