list(beta0=1.74178E+00, beta1=9.73747E-01, tau=6.32066E-01)
