list(beta0=-1.88724E-01, beta1=-3.39385E-01, tau=8.34648E-01)
