list(beta0=-8.43016E-01, beta1=2.84404E-02, tau=8.80880E-01)
